79
1007
2014
5035
7049
10070
11077
14098
16112
18126
19133
20140
21147
24168
26182
27189
30210
33231
35245
38266
41287
42294
44308
47329
50350
51357
52364
55385
57399
58406
59413
61427
64448
67469
68476
70490
73511
76532
78546
81567
82574
84588
87609
88616
89623
90630
93651
96672
99693
100700
103721
105735
106742
108756
109763
111777
112784
115805
116812
117819
120840
122854
125875
126882
128896
129903
131917
133931
136952
137959
140980
141987
144001
147022
150043
151050
154071
156085
159106
160113