1
1
2
5
14
42
132
429
1430
4862
16796
58786
208012
742900
2674440
9694845
35357670
129644790
477638700
1767263190
6564120420
24466267020
91482563640
343059613650
1289904147324
4861946401452
18367353072152
69533550916004
263747951750360
1002242216651368
3814986502092304
14544636039226908
55534064877048192
212336130412243104
812944042149730688
3116285494907301376
11959798385860454400
45950804324621746176
176733862787006726144
680425371729975836672
2622127042276492312576
10113918591637901017088
39044429911904449724416
150853479205085336567808
583300119592996540776448
2257117854077248216236032
8740328711533172241727488
33868773757191051831934976
131327898242169386232184832
509552245179617042659016704
1978261657756160970459185152
7684785670514319085554106368
29869166945772643291754397696
116157871455782484097969946624
451959718027953567522847981568
1759414616608819204788947255296
6852456927844873701328095805440
26700952856774860657226059612160
104088460289122375710728989442048
405944995127577205824327977533440
1583850964596120797461012841234432
6182127958584857192580508221964288
24139737743045625710086003586236416
94295850558772028032067099196129280
368479169875816601099656908746260480
1440418573150920265734848303744417792
5632681584560312461118961035883053056
22033725021956521669963181377028358144
86218923998960321897559507800804032512
337485502510216130094652426405602656256
1321422108420283101191274428656254976000
5175569924646107515922497550707779960832
20276890389709407809665386752755082723328
79463489365077414603695190617992028225536
311496878311103517085224292297827762044928
1221395654430379266592777406068189227384832
4790408930363305787391870162643243212210176
18793142726809904647844663299467084835061760
73745243611532555215025452182928504848908288
289450081175265329231752486947357487456583680
1136359577947337551327821264210258080288473088
4462290049988325533487158505793957981367304192
17526585015616794703492605342737801311458164736
68854441132780268347344007323092594928922918912
270557451039395242027094624885944975421354278912
1063353702922274529913358093143170849653603172352
4180080073556527753365697163359185283536803332096
16435314834665433105574457972895160444368805953536
64633260585762938945863739959258377993338165919744
254224158304000911879332734565129082816916904476672
1000134600800355106108820399815250984913940569391104
3935312233584005426412577616209060424978100605943808
15487357822491895967958519706301760279707367669497856
60960876535340393384421730386578260077843240449998848
239993345518077113671248546853457387597841628911370240
944973797977428688249660984632123379818783825052303360
3721443204405956133606118065680351846313572334716321792
14657929356129589391702659432482932899058567880414068736
57743358069601408795542934199467009301265593050146537472
227508830794229414105930962711713398064023966397629464576
896519947090132026634574468540008508407221578581271379968
3533343320884639811558251829342845662434827568621935394816
13927547459020998143126178938066913514083509175752706752512
54906677482678909577340647487774925661457917819497801056256
216489185503134044952616217660864821787636392649713002741760
